[TENSOR] shape 49 40
[TENSOR] begin
[TENSOR] col00: 100 100 100 100 100 100 100 100 100 100 100 100 100 100 100 100 100 100 100 100 100 100 100 100 100 100 100 100 100 100 100 100 100 100 100 100 100 100 100 100
[TENSOR] col01: 100 100 100 100 100 100 100 100 100 100 100 100 100 100 100 100 100 100 100 100 100 100 100 100 100 100 100 100 100 100 100 100 100 100 100 100 100 100 100 100
[TENSOR] col02: 100 100 100 100 100 100 100 100 100 100 100 100 100 100 100 100 100 100 100 100 100 100 100 100 100 100 100 100 100 100 100 100 100 100 100 100 100 100 100 100
[TENSOR] col03: 100 100 100 100 100 100 100 100 100 100 100 100 100 100 100 100 100 100 100 100 100 100 100 100 100 100 100 100 100 100 100 100 100 100 100 100 100 100 100 100
[TENSOR] col04: 100 100 100 100 100 100 100 100 100 100 100 100 100 100 100 100 100 100 100 100 100 100 100 100 100 100 100 100 100 100 100 100 100 100 100 100 100 100 100 100
[TENSOR] col05: 100 100 100 100 100 100 100 100 100 100 100 100 100 100 100 100 100 100 100 100 100 100 100 100 100 100 100 100 100 100 100 100 100 100 100 100 100 100 100 100
[TENSOR] col06: 100 100 100 100 100 100 100 100 100 100 100 100 100 100 100 100 100 100 100 100 100 100 100 100 100 100 100 100 100 100 100 100 100 100 100 100 100 100 100 100
[TENSOR] col07: 100 100 100 100 100 100 100 100 100 100 100 100 100 100 100 100 100 100 100 100 100 100 100 100 100 100 100 100 100 100 100 100 100 100 100 100 100 100 100 100
[TENSOR] col08: 100 100 100 100 100 100 100 100 100 100 100 100 100 100 100 100 100 100 100 100 100 100 100 100 100 100 100 100 100 100 100 100 100 100 100 100 100 100 100 100
[TENSOR] col09: 100 100 100 100 100 100 100 100 100 100 100 100 100 100 100 100 100 100 100 100 100 100 100 100 100 100 100 100 100 100 100 100 100 100 100 100 100 100 100 100
[TENSOR] col10: 100 100 100 100 100 100 100 100 100 100 100 100 100 100 100 100 100 100 100 100 100 100 100 100 100 100 100 100 100 100 100 100 100 100 100 100 100 100 100 100
[TENSOR] col11: 100 100 100 100 100 100 100 100 100 100 100 100 100 100 100 100 100 100 100 100 100 100 100 100 100 100 100 100 100 100 100 100 100 100 100 100 100 100 100 100
[TENSOR] col12: 100 100 100 100 100 100 100 100 100 100 100 100 100 100 100 100 100 100 100 100 100 100 100 100 100 100 100 100 100 100 100 100 100 100 100 100 100 100 100 100
[TENSOR] col13: 100 100 100 100 100 100 100 100 100 100 100 100 100 100 100 100 100 100 100 100 100 100 100 100 100 100 100 100 100 100 100 100 100 100 100 100 100 100 100 100
[TENSOR] col14: 100 100 100 100 100 100 100 100 100 100 100 100 100 100 100 100 100 100 100 100 100 100 100 100 100 100 100 100 100 100 100 100 100 100 100 100 100 100 100 100
[TENSOR] col15: 100 100 100 100 100 100 100 100 100 100 100 100 100 100 100 100 100 100 100 100 100 100 100 100 100 100 100 100 100 100 100 100 100 100 100 100 100 100 100 100
[TENSOR] col16: 100 100 100 100 100 100 100 100 100 100 100 100 100 100 100 100 100 100 100 100 100 100 100 100 100 100 100 100 100 100 100 100 100 100 100 100 100 100 100 100
[TENSOR] col17: 100 100 100 100 100 100 100 100 100 100 100 100 100 100 100 100 100 100 100 100 100 100 100 100 100 100 100 100 100 100 100 100 100 100 100 100 100 100 100 100
[TENSOR] col18: 100 100 100 100 100 100 100 100 100 100 100 100 100 100 100 100 100 100 100 100 100 100 100 100 100 100 100 100 100 100 100 100 100 100 100 100 100 100 100 100
[TENSOR] col19: 100 100 100 100 100 100 100 100 100 100 100 100 100 100 100 100 100 100 100 100 100 100 100 100 100 100 100 100 100 100 100 100 100 100 100 100 100 100 100 100
[TENSOR] col20: 100 100 100 100 100 100 100 100 100 100 100 100 100 100 100 100 100 100 100 100 100 100 100 100 100 100 100 100 100 100 100 100 100 100 100 100 100 100 100 100
[TENSOR] col21: 100 100 100 100 100 100 100 100 100 100 100 100 100 100 100 100 100 100 100 100 100 100 100 100 100 100 100 100 100 100 100 100 100 100 100 100 100 100 100 100
[TENSOR] col22: 100 100 100 100 100 100 100 100 100 100 100 100 100 100 100 100 100 100 100 100 100 100 100 100 100 100 100 100 100 100 100 100 100 100 100 100 100 100 100 100
[TENSOR] col23: 100 100 100 100 100 100 100 100 100 100 100 100 100 100 100 100 100 100 100 100 100 100 100 100 100 100 100 100 100 100 100 100 100 100 100 100 100 100 100 100
[TENSOR] col24: 100 100 100 100 100 100 100 100 100 100 100 100 100 100 100 100 100 100 100 100 100 100 100 100 100 100 100 100 100 100 100 100 100 100 100 100 100 100 100 100
[TENSOR] col25: 100 100 100 100 100 100 100 100 100 100 100 100 100 100 100 100 100 100 100 100 100 100 100 100 100 100 100 100 100 100 100 100 100 100 100 100 100 100 100 100
[TENSOR] col26: 100 100 100 100 100 100 100 100 100 100 100 100 100 100 100 100 100 100 100 100 100 100 100 100 100 100 100 100 100 100 100 100 100 100 100 100 100 100 100 100
[TENSOR] col27: 100 100 100 100 100 100 100 100 100 100 100 100 100 100 100 100 100 100 100 100 100 100 100 100 100 100 100 100 100 100 100 100 100 100 100 100 100 100 100 100
[TENSOR] col28: 100 100 100 100 100 100 100 100 100 100 100 100 100 100 100 100 100 100 100 100 100 100 100 100 100 100 100 100 100 100 100 100 100 100 100 100 100 100 100 100
[TENSOR] col29: 100 100 100 100 100 100 100 100 100 100 100 100 100 100 100 100 100 100 100 100 100 100 100 100 100 100 100 100 100 100 100 100 100 100 100 100 100 100 100 100
[TENSOR] col30: 100 100 100 100 100 100 100 100 100 100 100 100 100 100 100 100 100 100 100 100 100 100 100 100 100 100 100 100 100 100 100 100 100 100 100 100 100 100 100 100
[TENSOR] col31: 113 113 113 113 106 101 98 99 98 95 93 85 82 80 86 87 76 81 84 78 78 76 77 79 76 75 73 71 74 73 72 71 69 70 68 71 69 72 71 71
[TENSOR] col32: 127 127 127 127 110 112 87 95 60 68 25 57 55 28 33 45 39 46 42 25 28 51 62 56 42 -10 -33 -16 -26 -16 1 -26 6 -4 -26 -4 -3 -10 -3 1
[TENSOR] col33: 127 127 127 127 127 127 127 95 108 74 91 85 59 60 68 77 63 77 91 45 52 58 49 22 15 1 6 46 47 52 33 35 25 18 15 22 31 42 39 42
[TENSOR] col34: 125 122 127 127 127 127 122 106 107 100 79 86 56 63 73 80 85 78 89 43 18 33 -3 6 -10 -26 1 55 49 52 15 22 25 28 28 35 37 37 1 37
[TENSOR] col35: 127 127 127 127 120 119 115 114 110 103 99 93 65 87 88 86 80 60 68 63 63 58 52 55 54 55 58 66 63 57 55 55 53 54 52 52 52 57 57 61
[TENSOR] col36: 127 127 127 120 118 123 125 111 117 79 95 83 73 73 73 81 49 38 15 18 -10 -10 -10 6 -16 -60 -60 63 39 28 -3 -16 1 1 1 -26 -10 15 25 11
[TENSOR] col37: 123 124 127 126 127 127 127 111 110 94 99 88 98 89 86 73 55 56 45 42 44 30 40 40 42 38 42 25 33 38 28 38 31 33 31 25 31 37 37 35
[TENSOR] col38: 123 117 119 127 127 127 113 108 96 94 85 84 81 89 39 37 33 -10 -50 -60 -50 28 -3 -10 -33 -60 -60 -16 -50 -50 -26 -26 -16 -4 -33 -50 -26 -4 -10 -16
[TENSOR] col39: 127 127 127 127 127 127 125 100 98 87 101 105 85 78 67 47 44 43 40 37 45 53 45 38 1 -4 11 15 6 11 11 1 6 11 -3 6 11 6 15 6
[TENSOR] col40: 115 113 118 125 113 114 107 76 72 101 111 65 54 43 47 11 -26 -16 -50 -10 -26 30 6 33 -33 -26 -50 -33 -50 -26 -26 -33 -50 -60 -33 -10 -16 -10 -3 -10
[TENSOR] col41: 127 127 127 127 127 127 122 103 102 94 103 105 84 78 70 63 55 55 53 50 53 58 55 45 39 35 42 33 28 37 31 30 25 33 25 28 31 33 39 30
[TENSOR] col42: 107 106 109 112 106 107 103 88 86 100 105 82 77 71 73 55 37 42 25 45 37 65 53 66 33 37 25 33 25 37 37 33 25 20 33 45 42 45 48 45
[TENSOR] col43: 100 100 100 100 100 100 100 100 100 100 100 100 100 100 100 100 100 100 100 100 100 100 100 100 100 100 100 100 100 100 100 100 100 100 100 100 100 100 100 100
[TENSOR] col44: 100 100 100 100 100 100 100 100 100 100 100 100 100 100 100 100 100 100 100 100 100 100 100 100 100 100 100 100 100 100 100 100 100 100 100 100 100 100 100 100
[TENSOR] col45: 100 100 100 100 100 100 100 100 100 100 100 100 100 100 100 100 100 100 100 100 100 100 100 100 100 100 100 100 100 100 100 100 100 100 100 100 100 100 100 100
[TENSOR] col46: 100 100 100 100 100 100 100 100 100 100 100 100 100 100 100 100 100 100 100 100 100 100 100 100 100 100 100 100 100 100 100 100 100 100 100 100 100 100 100 100
[TENSOR] col47: 100 100 100 100 100 100 100 100 100 100 100 100 100 100 100 100 100 100 100 100 100 100 100 100 100 100 100 100 100 100 100 100 100 100 100 100 100 100 100 100
[TENSOR] col48: 100 100 100 100 100 100 100 100 100 100 100 100 100 100 100 100 100 100 100 100 100 100 100 100 100 100 100 100 100 100 100 100 100 100 100 100 100 100 100 100
[TENSOR] end