TENSOR] shape 49 40
[TENSOR] begin
[TENSOR] col00: 100 100 100 100 100 100 100 100 100 100 100 100 100 100 100 100 100 100 100 100 100 100 100 100 100 100 100 100 100 100 100 100 100 100 100 100 100 100 100 100
[TENSOR] col01: 100 100 100 100 100 100 100 100 100 100 100 100 100 100 100 100 100 100 100 100 100 100 100 100 100 100 100 100 100 100 100 100 100 100 100 100 100 100 100 100
[TENSOR] col02: 100 100 100 100 100 100 100 100 100 100 100 100 100 100 100 100 100 100 100 100 100 100 100 100 100 100 100 100 100 100 100 100 100 100 100 100 100 100 100 100
[TENSOR] col03: 100 100 100 100 100 100 100 100 100 100 100 100 100 100 100 100 100 100 100 100 100 100 100 100 100 100 100 100 100 100 100 100 100 100 100 100 100 100 100 100
[TENSOR] col04: 100 100 100 100 100 100 100 100 100 100 100 100 100 100 100 100 100 100 100 100 100 100 100 100 100 100 100 100 100 100 100 100 100 100 100 100 100 100 100 100
[TENSOR] col05: 100 100 100 100 100 100 100 100 100 100 100 100 100 100 100 100 100 100 100 100 100 100 100 100 100 100 100 100 100 100 100 100 100 100 100 100 100 100 100 100
[TENSOR] col06: 100 100 100 100 100 100 100 100 100 100 100 100 100 100 100 100 100 100 100 100 100 100 100 100 100 100 100 100 100 100 100 100 100 100 100 100 100 100 100 100
[TENSOR] col07: 100 100 100 100 100 100 100 100 100 100 100 100 100 100 100 100 100 100 100 100 100 100 100 100 100 100 100 100 100 100 100 100 100 100 100 100 100 100 100 100
[TENSOR] col08: 100 100 100 100 100 100 100 100 100 100 100 100 100 100 100 100 100 100 100 100 100 100 100 100 100 100 100 100 100 100 100 100 100 100 100 100 100 100 100 100
[TENSOR] col09: 100 100 100 100 100 100 100 100 100 100 100 100 100 100 100 100 100 100 100 100 100 100 100 100 100 100 100 100 100 100 100 100 100 100 100 100 100 100 100 100
[TENSOR] col10: 100 100 100 100 100 100 100 100 100 100 100 100 100 100 100 100 100 100 100 100 100 100 100 100 100 100 100 100 100 100 100 100 100 100 100 100 100 100 100 100
[TENSOR] col11: 100 100 100 100 100 100 100 100 100 100 100 100 100 100 100 100 100 100 100 100 100 100 100 100 100 100 100 100 100 100 100 100 100 100 100 100 100 100 100 100
[TENSOR] col12: 100 100 100 100 100 100 100 100 100 100 100 100 100 100 100 100 100 100 100 100 100 100 100 100 100 100 100 100 100 100 100 100 100 100 100 100 100 100 100 100
[TENSOR] col13: 100 100 100 100 100 100 100 100 100 100 100 100 100 100 100 100 100 100 100 100 100 100 100 100 100 100 100 100 100 100 100 100 100 100 100 100 100 100 100 100
[TENSOR] col14: 100 100 100 100 100 100 100 100 100 100 100 100 100 100 100 100 100 100 100 100 100 100 100 100 100 100 100 100 100 100 100 100 100 100 100 100 100 100 100 100
[TENSOR] col15: 100 100 100 100 100 100 100 100 100 100 100 100 100 100 100 100 100 100 100 100 100 100 100 100 100 100 100 100 100 100 100 100 100 100 100 100 100 100 100 100
[TENSOR] col16: 100 100 100 100 100 100 100 100 100 100 100 100 100 100 100 100 100 100 100 100 100 100 100 100 100 100 100 100 100 100 100 100 100 100 100 100 100 100 100 100
[TENSOR] col17: 100 100 100 100 100 100 100 100 100 100 100 100 100 100 100 100 100 100 100 100 100 100 100 100 100 100 100 100 100 100 100 100 100 100 100 100 100 100 100 100
[TENSOR] col18: 100 100 100 100 100 100 100 100 100 100 100 100 100 100 100 100 100 100 100 100 100 100 100 100 100 100 100 100 100 100 100 100 100 100 100 100 100 100 100 100
[TENSOR] col19: 100 100 100 100 100 100 100 100 100 100 100 100 100 100 100 100 100 100 100 100 100 100 100 100 100 100 100 100 100 100 100 100 100 100 100 100 100 100 100 100
[TENSOR] col20: 100 100 100 100 100 100 100 100 100 100 100 100 100 100 100 100 100 100 100 100 100 100 100 100 100 100 100 100 100 100 100 100 100 100 100 100 100 100 100 100
[TENSOR] col21: 100 100 100 100 100 100 100 100 100 100 100 100 100 100 100 100 100 100 100 100 100 100 100 100 100 100 100 100 100 100 100 100 100 100 100 100 100 100 100 100
[TENSOR] col22: 100 100 100 100 100 100 100 100 100 100 100 100 100 100 100 100 100 100 100 100 100 100 100 100 100 100 100 100 100 100 100 100 100 100 100 100 100 100 100 100
[TENSOR] col23: 100 100 100 100 100 100 100 100 100 100 100 100 100 100 100 100 100 100 100 100 100 100 100 100 100 100 100 100 100 100 100 100 100 100 100 100 100 100 100 100
[TENSOR] col24: 100 100 100 100 100 100 100 100 100 100 100 100 100 100 100 100 100 100 100 100 100 100 100 100 100 100 100 100 100 100 100 100 100 100 100 100 100 100 100 100
[TENSOR] col25: 100 100 100 100 100 100 100 100 100 100 100 100 100 100 100 100 100 100 100 100 100 100 100 100 100 100 100 100 100 100 100 100 100 100 100 100 100 100 100 100
[TENSOR] col26: 100 100 100 100 100 100 100 100 100 100 100 100 100 100 100 100 100 100 100 100 100 100 100 100 100 100 100 100 100 100 100 100 100 100 100 100 100 100 100 100
[TENSOR] col27: 100 100 100 100 100 100 100 100 100 100 100 100 100 100 100 100 100 100 100 100 100 100 100 100 100 100 100 100 100 100 100 100 100 100 100 100 100 100 100 100
[TENSOR] col28: 100 100 100 100 100 100 100 100 100 100 100 100 100 100 100 100 100 100 100 100 100 100 100 100 100 100 100 100 100 100 100 100 100 100 100 100 100 100 100 100
[TENSOR] col29: 100 100 100 100 100 100 100 100 100 100 100 100 100 100 100 100 100 100 100 100 100 100 100 100 100 100 100 100 100 100 100 100 100 100 100 100 100 100 100 100
[TENSOR] col30: 100 100 100 100 100 100 100 100 100 100 100 100 100 100 100 100 100 100 100 100 100 100 100 100 100 100 100 100 100 100 100 100 100 100 100 100 100 100 100 100
[TENSOR] col31: 101 101 101 101 100 100 99 99 99 98 98 98 98 98 98 98 97 98 98 98 98 98 97 97 98 99 99 99 99 100 100 98 97 97 97 97 97 97 98 97
[TENSOR] col32: 105 105 105 105 105 105 99 101 95 95 88 87 88 88 82 84 79 90 94 96 96 97 91 96 99 99 100 99 101 102 102 96 87 87 86 86 86 87 89 87
[TENSOR] col33: 113 112 113 113 113 113 113 113 106 102 99 100 92 90 89 95 93 103 106 100 91 83 81 89 94 96 92 87 96 98 95 83 81 78 79 76 76 82 87 83
[TENSOR] col34: 121 120 121 121 120 121 121 120 121 98 100 105 76 65 60 63 95 96 101 92 88 56 66 96 103 86 76 87 88 88 84 85 80 60 63 65 62 82 86 82
[TENSOR] col35: 116 111 114 121 125 125 114 112 82 80 78 80 72 70 69 68 56 77 83 72 71 58 51 58 64 49 21 49 52 57 58 62 52 52 46 39 54 64 64 64
[TENSOR] col36: 101 110 116 124 113 114 106 103 83 87 76 71 60 61 70 38 48 76 86 57 49 22 1 52 54 55 58 47 56 80 78 72 76 48 47 35 40 52 64 62
[TENSOR] col37: 87 83 95 107 100 99 91 93 70 52 53 60 55 53 54 61 40 50 56 55 25 35 11 52 49 33 48 56 75 103 95 93 99 73 59 64 70 76 88 88
[TENSOR] col38: 90 91 90 100 104 107 77 72 55 49 47 49 41 30 30 44 32 42 46 27 39 -5 9 40 49 32 58 61 60 100 96 107 110 81 81 72 59 86 86 97
[TENSOR] col39: 77 76 67 84 81 88 66 56 32 28 20 40 52 46 37 52 37 34 37 32 48 42 46 40 28 42 52 66 66 105 103 80 74 66 66 66 72 74 76 72
[TENSOR] col40: 75 69 65 83 82 86 74 68 57 48 57 55 42 37 50 48 48 55 59 37 53 53 53 55 59 50 77 78 83 84 83 81 68 69 72 59 74 78 80 77
[TENSOR] col41: 94 93 92 94 94 95 89 86 78 74 81 82 86 83 85 86 82 84 82 83 84 79 78 83 82 84 87 92 92 101 100 95 92 90 89 89 92 91 91 92
[TENSOR] col42: 98 97 97 98 98 98 98 97 96 96 96 96 95 95 96 96 96 96 96 95 96 96 96 96 96 96 98 98 98 98 98 98 97 97 97 96 98 98 98 98
[TENSOR] col43: 100 100 100 100 100 100 100 100 100 100 100 100 100 100 100 100 100 100 100 100 100 100 100 100 100 100 100 100 100 100 100 100 100 100 100 100 100 100 100 100
[TENSOR] col44: 100 100 100 100 100 100 100 100 100 100 100 100 100 100 100 100 100 100 100 100 100 100 100 100 100 100 100 100 100 100 100 100 100 100 100 100 100 100 100 100
[TENSOR] col45: 100 100 100 100 100 100 100 100 100 100 100 100 100 100 100 100 100 100 100 100 100 100 100 100 100 100 100 100 100 100 100 100 100 100 100 100 100 100 100 100
[TENSOR] col46: 100 100 100 100 100 100 100 100 100 100 100 100 100 100 100 100 100 100 100 100 100 100 100 100 100 100 100 100 100 100 100 100 100 100 100 100 100 100 100 100
[TENSOR] col47: 100 100 100 100 100 100 100 100 100 100 100 100 100 100 100 100 100 100 100 100 100 100 100 100 100 100 100 100 100 100 100 100 100 100 100 100 100 100 100 100
[TENSOR] col48: 100 100 100 100 100 100 100 100 100 100 100 100 100 100 100 100 100 100 100 100 100 100 100 100 100 100 100 100 100 100 100 100 100 100 100 100 100 100 100 100
[TENSOR] end