[TENSOR] shape 49 40
[TENSOR] begin
[TENSOR] col00: 100 100 100 100 100 100 100 100 100 100 100 100 100 100 100 100 100 100 100 100 100 100 100 100 100 100 100 100 100 100 100 100 100 100 100 100 100 100 100 100
[TENSOR] col01: 100 100 100 100 100 100 100 100 100 100 100 100 100 100 100 100 100 100 100 100 100 100 100 100 100 100 100 100 100 100 100 100 100 100 100 100 100 100 100 100
[TENSOR] col02: 100 100 100 100 100 100 100 100 100 100 100 100 100 100 100 100 100 100 100 100 100 100 100 100 100 100 100 100 100 100 100 100 100 100 100 100 100 100 100 100
[TENSOR] col03: 100 100 100 100 100 100 100 100 100 100 100 100 100 100 100 100 100 100 100 100 100 100 100 100 100 100 100 100 100 100 100 100 100 100 100 100 100 100 100 100
[TENSOR] col04: 100 100 100 100 100 100 100 100 100 100 100 100 100 100 100 100 100 100 100 100 100 100 100 100 100 100 100 100 100 100 100 100 100 100 100 100 100 100 100 100
[TENSOR] col05: 100 100 100 100 100 100 100 100 100 100 100 100 100 100 100 100 100 100 100 100 100 100 100 100 100 100 100 100 100 100 100 100 100 100 100 100 100 100 100 100
[TENSOR] col06: 100 100 100 100 100 100 100 100 100 100 100 100 100 100 100 100 100 100 100 100 100 100 100 100 100 100 100 100 100 100 100 100 100 100 100 100 100 100 100 100
[TENSOR] col07: 100 100 100 100 100 100 100 100 100 100 100 100 100 100 100 100 100 100 100 100 100 100 100 100 100 100 100 100 100 100 100 100 100 100 100 100 100 100 100 100
[TENSOR] col08: 100 100 100 100 100 100 100 100 100 100 100 100 100 100 100 100 100 100 100 100 100 100 100 100 100 100 100 100 100 100 100 100 100 100 100 100 100 100 100 100
[TENSOR] col09: 100 100 100 100 100 100 100 100 100 100 100 100 100 100 100 100 100 100 100 100 100 100 100 100 100 100 100 100 100 100 100 100 100 100 100 100 100 100 100 100
[TENSOR] col10: 100 100 100 100 100 100 100 100 100 100 100 100 100 100 100 100 100 100 100 100 100 100 100 100 100 100 100 100 100 100 100 100 100 100 100 100 100 100 100 100
[TENSOR] col11: 100 100 100 100 100 100 100 100 100 100 100 100 100 100 100 100 100 100 100 100 100 100 100 100 100 100 100 100 100 100 100 100 100 100 100 100 100 100 100 100
[TENSOR] col12: 100 100 100 100 100 100 100 100 100 100 100 100 100 100 100 100 100 100 100 100 100 100 100 100 100 100 100 100 100 100 100 100 100 100 100 100 100 100 100 100
[TENSOR] col13: 100 100 100 100 100 100 100 100 100 100 100 100 100 100 100 100 100 100 100 100 100 100 100 100 100 100 100 100 100 100 100 100 100 100 100 100 100 100 100 100
[TENSOR] col14: 100 100 100 100 100 100 100 100 100 100 100 100 100 100 100 100 100 100 100 100 100 100 100 100 100 100 100 100 100 100 100 100 100 100 100 100 100 100 100 100
[TENSOR] col15: 100 100 100 100 100 100 100 100 100 100 100 100 100 100 100 100 100 100 100 100 100 100 100 100 100 100 100 100 100 100 100 100 100 100 100 100 100 100 100 100
[TENSOR] col16: 100 100 100 100 100 100 100 100 100 100 100 100 100 100 100 100 100 100 100 100 100 100 100 100 100 100 100 100 100 100 100 100 100 100 100 100 100 100 100 100
[TENSOR] col17: 100 100 100 100 100 100 100 100 100 100 100 100 100 100 100 100 100 100 100 100 100 100 100 100 100 100 100 100 100 100 100 100 100 100 100 100 100 100 100 100
[TENSOR] col18: 100 100 100 100 100 100 100 100 100 100 100 100 100 100 100 100 100 100 100 100 100 100 100 100 100 100 100 100 100 100 100 100 100 100 100 100 100 100 100 100
[TENSOR] col19: 100 100 100 100 100 100 100 100 100 100 100 100 100 100 100 100 100 100 100 100 100 100 100 100 100 100 100 100 100 100 100 100 100 100 100 100 100 100 100 100
[TENSOR] col20: 100 100 100 100 100 100 100 100 100 100 100 100 100 100 100 100 100 100 100 100 100 100 100 100 100 100 100 100 100 100 100 100 100 100 100 100 100 100 100 100
[TENSOR] col21: 100 100 100 100 100 100 100 100 100 100 100 100 100 100 100 100 100 100 100 100 100 100 100 100 100 100 100 100 100 100 100 100 100 100 100 100 100 100 100 100
[TENSOR] col22: 100 100 100 100 100 100 100 100 100 100 100 100 100 100 100 100 100 100 100 100 100 100 100 100 100 100 100 100 100 100 100 100 100 100 100 100 100 100 100 100
[TENSOR] col23: 100 100 100 100 100 100 100 100 100 100 100 100 100 100 100 100 100 100 100 100 100 100 100 100 100 100 100 100 100 100 100 100 100 100 100 100 100 100 100 100
[TENSOR] col24: 100 100 100 100 100 100 100 100 100 100 100 100 100 100 100 100 100 100 100 100 100 100 100 100 100 100 100 100 100 100 100 100 100 100 100 100 100 100 100 100
[TENSOR] col25: 100 100 100 100 100 100 100 100 100 100 100 100 100 100 100 100 100 100 100 100 100 100 100 100 100 100 100 100 100 100 100 100 100 100 100 100 100 100 100 100
[TENSOR] col26: 100 100 100 100 100 100 100 100 100 100 100 100 100 100 100 100 100 100 100 100 100 100 100 100 100 100 100 100 100 100 100 100 100 100 100 100 100 100 100 100
[TENSOR] col27: 100 100 100 100 100 100 100 100 100 100 100 100 100 100 100 100 100 100 100 100 100 100 100 100 100 100 100 100 100 100 100 100 100 100 100 100 100 100 100 100
[TENSOR] col28: 100 100 100 100 100 100 100 100 100 100 100 100 100 100 100 100 100 100 100 100 100 100 100 100 100 100 100 100 100 100 100 100 100 100 100 100 100 100 100 100
[TENSOR] col29: 100 100 100 100 100 100 100 100 100 100 100 100 100 100 100 100 100 100 100 100 100 100 100 100 100 100 100 100 100 100 100 100 100 100 100 100 100 100 100 100
[TENSOR] col30: 100 100 100 100 100 100 100 100 100 100 100 100 100 100 100 100 100 100 100 100 100 100 100 100 100 100 100 100 100 100 100 100 100 100 100 100 100 100 100 100
[TENSOR] col31: 113 113 113 113 108 107 105 97 95 79 82 77 72 73 74 78 74 62 72 69 69 71 70 75 81 84 64 57 64 66 59 53 65 66 61 81 74 71 71 71
[TENSOR] col32: 127 127 127 127 117 117 105 111 71 54 45 50 48 58 62 64 50 40 37 33 22 50 48 59 61 51 6 -4 15 -10 11 6 -3 6 1 54 37 33 35 33
[TENSOR] col33: 127 116 127 127 126 108 110 117 113 102 83 87 78 86 87 90 80 84 83 84 76 76 73 74 70 67 71 76 77 73 75 67 66 64 64 63 58 64 65 67
[TENSOR] col34: 127 122 125 126 112 119 110 123 102 93 75 62 59 81 81 79 63 71 49 54 18 11 1 53 25 38 6 56 64 48 37 -60 -50 -33 -60 18 40 33 18 22
[TENSOR] col35: 125 122 118 101 109 116 123 112 127 98 96 102 88 95 90 93 76 77 68 71 65 67 67 61 61 62 61 60 62 57 56 53 48 48 47 52 50 55 51 53
[TENSOR] col36: 115 108 111 111 120 113 127 119 123 101 94 87 84 106 113 83 51 52 33 11 6 18 15 30 -10 -26 15 35 39 18 -3 -50 -50 -60 -50 -10 11 -10 1 42
[TENSOR] col37: 121 117 113 123 119 123 117 123 115 98 109 100 92 93 85 73 60 58 56 53 59 57 53 45 49 53 48 47 39 45 42 38 40 37 40 37 42 38 40 40
[TENSOR] col38: 112 104 116 119 111 119 115 104 104 86 87 93 89 88 52 63 45 25 1 -16 -50 6 -3 -26 -3 -16 -50 -50 -10 -26 -16 15 1 -4 -3 -10 1 -10 6 1
[TENSOR] col39: 126 115 125 127 117 113 113 104 102 94 101 83 68 70 76 68 42 33 28 25 1 38 28 38 28 28 6 11 18 30 25 -10 11 11 6 18 6 22 31 28
[TENSOR] col40: 93 83 98 104 120 118 122 111 104 94 85 86 79 78 73 59 35 37 -3 18 15 15 15 18 6 6 18 1 31 18 1 18 22 25 22 30 35 30 50 43
[TENSOR] col41: 122 115 123 124 109 98 109 101 110 94 96 83 50 74 81 70 64 45 53 48 37 54 44 37 40 42 37 37 39 38 37 25 25 25 31 35 35 48 45 50
[TENSOR] col42: 96 91 99 102 110 109 111 105 102 97 92 93 89 89 86 79 67 68 48 59 57 57 57 59 53 53 59 50 65 59 50 59 61 62 61 65 67 65 75 71
[TENSOR] col43: 100 100 100 100 100 100 100 100 100 100 100 100 100 100 100 100 100 100 100 100 100 100 100 100 100 100 100 100 100 100 100 100 100 100 100 100 100 100 100 100
[TENSOR] col44: 100 100 100 100 100 100 100 100 100 100 100 100 100 100 100 100 100 100 100 100 100 100 100 100 100 100 100 100 100 100 100 100 100 100 100 100 100 100 100 100
[TENSOR] col45: 100 100 100 100 100 100 100 100 100 100 100 100 100 100 100 100 100 100 100 100 100 100 100 100 100 100 100 100 100 100 100 100 100 100 100 100 100 100 100 100
[TENSOR] col46: 100 100 100 100 100 100 100 100 100 100 100 100 100 100 100 100 100 100 100 100 100 100 100 100 100 100 100 100 100 100 100 100 100 100 100 100 100 100 100 100
[TENSOR] col47: 100 100 100 100 100 100 100 100 100 100 100 100 100 100 100 100 100 100 100 100 100 100 100 100 100 100 100 100 100 100 100 100 100 100 100 100 100 100 100 100
[TENSOR] col48: 100 100 100 100 100 100 100 100 100 100 100 100 100 100 100 100 100 100 100 100 100 100 100 100 100 100 100 100 100 100 100 100 100 100 100 100 100 100 100 100
[TENSOR] end