[TENSOR] shape 49 40
[TENSOR] begin
[TENSOR] col00: 100 100 100 100 100 100 100 100 100 100 100 100 100 100 100 100 100 100 100 100 100 100 100 100 100 100 100 100 100 100 100 100 100 100 100 100 100 100 100 100
[TENSOR] col01: 100 100 100 100 100 100 100 100 100 100 100 100 100 100 100 100 100 100 100 100 100 100 100 100 100 100 100 100 100 100 100 100 100 100 100 100 100 100 100 100
[TENSOR] col02: 100 100 100 100 100 100 100 100 100 100 100 100 100 100 100 100 100 100 100 100 100 100 100 100 100 100 100 100 100 100 100 100 100 100 100 100 100 100 100 100
[TENSOR] col03: 100 100 100 100 100 100 100 100 100 100 100 100 100 100 100 100 100 100 100 100 100 100 100 100 100 100 100 100 100 100 100 100 100 100 100 100 100 100 100 100
[TENSOR] col04: 100 100 100 100 100 100 100 100 100 100 100 100 100 100 100 100 100 100 100 100 100 100 100 100 100 100 100 100 100 100 100 100 100 100 100 100 100 100 100 100
[TENSOR] col05: 100 100 100 100 100 100 100 100 100 100 100 100 100 100 100 100 100 100 100 100 100 100 100 100 100 100 100 100 100 100 100 100 100 100 100 100 100 100 100 100
[TENSOR] col06: 100 100 100 100 100 100 100 100 100 100 100 100 100 100 100 100 100 100 100 100 100 100 100 100 100 100 100 100 100 100 100 100 100 100 100 100 100 100 100 100
[TENSOR] col07: 100 100 100 100 100 100 100 100 100 100 100 100 100 100 100 100 100 100 100 100 100 100 100 100 100 100 100 100 100 100 100 100 100 100 100 100 100 100 100 100
[TENSOR] col08: 100 100 100 100 100 100 100 100 100 100 100 100 100 100 100 100 100 100 100 100 100 100 100 100 100 100 100 100 100 100 100 100 100 100 100 100 100 100 100 100
[TENSOR] col09: 100 100 100 100 100 100 100 100 100 100 100 100 100 100 100 100 100 100 100 100 100 100 100 100 100 100 100 100 100 100 100 100 100 100 100 100 100 100 100 100
[TENSOR] col10: 100 100 100 100 100 100 100 100 100 100 100 100 100 100 100 100 100 100 100 100 100 100 100 100 100 100 100 100 100 100 100 100 100 100 100 100 100 100 100 100
[TENSOR] col11: 100 100 100 100 100 100 100 100 100 100 100 100 100 100 100 100 100 100 100 100 100 100 100 100 100 100 100 100 100 100 100 100 100 100 100 100 100 100 100 100
[TENSOR] col12: 100 100 100 100 100 100 100 100 100 100 100 100 100 100 100 100 100 100 100 100 100 100 100 100 100 100 100 100 100 100 100 100 100 100 100 100 100 100 100 100
[TENSOR] col13: 100 100 100 100 100 100 100 100 100 100 100 100 100 100 100 100 100 100 100 100 100 100 100 100 100 100 100 100 100 100 100 100 100 100 100 100 100 100 100 100
[TENSOR] col14: 100 100 100 100 100 100 100 100 100 100 100 100 100 100 100 100 100 100 100 100 100 100 100 100 100 100 100 100 100 100 100 100 100 100 100 100 100 100 100 100
[TENSOR] col15: 100 100 100 100 100 100 100 100 100 100 100 100 100 100 100 100 100 100 100 100 100 100 100 100 100 100 100 100 100 100 100 100 100 100 100 100 100 100 100 100
[TENSOR] col16: 100 100 100 100 100 100 100 100 100 100 100 100 100 100 100 100 100 100 100 100 100 100 100 100 100 100 100 100 100 100 100 100 100 100 100 100 100 100 100 100
[TENSOR] col17: 100 100 100 100 100 100 100 100 100 100 100 100 100 100 100 100 100 100 100 100 100 100 100 100 100 100 100 100 100 100 100 100 100 100 100 100 100 100 100 100
[TENSOR] col18: 100 100 100 100 100 100 100 100 100 100 100 100 100 100 100 100 100 100 100 100 100 100 100 100 100 100 100 100 100 100 100 100 100 100 100 100 100 100 100 100
[TENSOR] col19: 100 100 100 100 100 100 100 100 100 100 100 100 100 100 100 100 100 100 100 100 100 100 100 100 100 100 100 100 100 100 100 100 100 100 100 100 100 100 100 100
[TENSOR] col20: 100 100 100 100 100 100 100 100 100 100 100 100 100 100 100 100 100 100 100 100 100 100 100 100 100 100 100 100 100 100 100 100 100 100 100 100 100 100 100 100
[TENSOR] col21: 100 100 100 100 100 100 100 100 100 100 100 100 100 100 100 100 100 100 100 100 100 100 100 100 100 100 100 100 100 100 100 100 100 100 100 100 100 100 100 100
[TENSOR] col22: 100 100 100 100 100 100 100 100 100 100 100 100 100 100 100 100 100 100 100 100 100 100 100 100 100 100 100 100 100 100 100 100 100 100 100 100 100 100 100 100
[TENSOR] col23: 100 100 100 100 100 100 100 100 100 100 100 100 100 100 100 100 100 100 100 100 100 100 100 100 100 100 100 100 100 100 100 100 100 100 100 100 100 100 100 100
[TENSOR] col24: 100 100 100 100 100 100 100 100 100 100 100 100 100 100 100 100 100 100 100 100 100 100 100 100 100 100 100 100 100 100 100 100 100 100 100 100 100 100 100 100
[TENSOR] col25: 100 100 100 100 100 100 100 100 100 100 100 100 100 100 100 100 100 100 100 100 100 100 100 100 100 100 100 100 100 100 100 100 100 100 100 100 100 100 100 100
[TENSOR] col26: 100 100 100 100 100 100 100 100 100 100 100 100 100 100 100 100 100 100 100 100 100 100 100 100 100 100 100 100 100 100 100 100 100 100 100 100 100 100 100 100
[TENSOR] col27: 100 100 100 100 100 100 100 100 100 100 100 100 100 100 100 100 100 100 100 100 100 100 100 100 100 100 100 100 100 100 100 100 100 100 100 100 100 100 100 100
[TENSOR] col28: 100 100 100 100 100 100 100 100 100 100 100 100 100 100 100 100 100 100 100 100 100 100 100 100 100 100 100 100 100 100 100 100 100 100 100 100 100 100 100 100
[TENSOR] col29: 100 100 100 100 100 100 100 100 100 100 100 100 100 100 100 100 100 100 100 100 100 100 100 100 100 100 100 100 100 100 100 100 100 100 100 100 100 100 100 100
[TENSOR] col30: 100 100 100 100 100 100 100 100 100 100 100 100 100 100 100 100 100 100 100 100 100 100 100 100 100 100 100 100 100 100 100 100 100 100 100 100 100 100 100 100
[TENSOR] col31: 100 100 100 100 100 98 98 98 96 95 95 96 94 95 94 93 93 94 94 93 97 97 95 95 94 95 94 95 97 97 97 95 97 97 98 97 96 95 96 95
[TENSOR] col32: 104 105 105 105 99 99 96 97 89 81 78 70 79 76 68 73 70 79 78 86 92 93 88 89 87 89 87 89 94 93 89 82 88 90 94 91 88 83 83 82
[TENSOR] col33: 110 110 111 113 113 113 106 102 92 89 93 89 84 79 77 80 79 78 78 85 83 86 79 75 77 77 76 76 80 81 74 71 70 76 81 73 80 74 74 73
[TENSOR] col34: 116 112 113 111 111 113 110 100 94 76 76 66 53 48 34 53 7 76 72 80 82 84 66 76 57 54 48 44 59 56 51 48 48 57 77 74 64 76 60 49
[TENSOR] col35: 100 100 104 114 125 115 124 113 98 67 66 60 51 64 66 42 30 102 91 88 79 39 49 48 35 30 0 -27 25 30 32 58 64 69 63 42 39 45 47 32
[TENSOR] col36: 111 102 102 102 111 103 105 87 96 86 70 50 50 47 51 11 11 86 84 75 57 45 35 42 15 6 -26 -16 18 18 11 45 66 69 84 47 35 46 45 37
[TENSOR] col37: 105 105 100 105 94 109 108 110 87 59 65 67 64 48 53 58 44 71 77 42 11 18 1 25 28 35 11 15 28 40 42 71 67 72 54 35 22 25 30 15
[TENSOR] col38: 100 85 91 98 75 75 82 76 54 39 41 42 39 9 -27 -11 9 51 51 25 -5 -21 -44 -5 -21 -44 -44 -44 -27 37 42 57 52 66 52 21 27 21 35 21
[TENSOR] col39: 73 74 60 79 78 70 58 58 60 61 49 52 49 37 32 34 24 54 52 32 37 24 24 28 37 50 34 34 52 80 82 97 101 92 103 90 86 84 80 81
[TENSOR] col40: 74 73 70 73 72 76 72 59 53 53 50 33 33 25 33 25 33 57 59 48 42 37 42 45 45 50 57 65 57 78 83 104 100 100 94 90 90 87 89 90
[TENSOR] col41: 93 90 90 94 94 93 89 89 88 85 83 83 84 78 78 81 78 86 81 74 76 79 81 80 80 84 83 82 87 93 96 100 101 98 100 97 96 96 95 96
[TENSOR] col42: 98 97 97 97 97 98 97 96 96 96 96 94 94 94 94 94 94 96 96 96 95 95 95 95 95 96 96 97 96 98 98 100 100 100 99 99 99 99 99 99
[TENSOR] col43: 100 100 100 100 100 100 100 100 100 100 100 100 100 100 100 100 100 100 100 100 100 100 100 100 100 100 100 100 100 100 100 100 100 100 100 100 100 100 100 100
[TENSOR] col44: 100 100 100 100 100 100 100 100 100 100 100 100 100 100 100 100 100 100 100 100 100 100 100 100 100 100 100 100 100 100 100 100 100 100 100 100 100 100 100 100
[TENSOR] col45: 100 100 100 100 100 100 100 100 100 100 100 100 100 100 100 100 100 100 100 100 100 100 100 100 100 100 100 100 100 100 100 100 100 100 100 100 100 100 100 100
[TENSOR] col46: 100 100 100 100 100 100 100 100 100 100 100 100 100 100 100 100 100 100 100 100 100 100 100 100 100 100 100 100 100 100 100 100 100 100 100 100 100 100 100 100
[TENSOR] col47: 100 100 100 100 100 100 100 100 100 100 100 100 100 100 100 100 100 100 100 100 100 100 100 100 100 100 100 100 100 100 100 100 100 100 100 100 100 100 100 100
[TENSOR] col48: 100 100 100 100 100 100 100 100 100 100 100 100 100 100 100 100 100 100 100 100 100 100 100 100 100 100 100 100 100 100 100 100 100 100 100 100 100 100 100 100
[TENSOR] end