TENSOR] shape 49 40
[TENSOR] begin
[TENSOR] col00: 100 100 100 100 100 100 100 100 100 100 100 100 100 100 100 100 100 100 100 100 100 100 100 100 100 100 100 100 100 100 100 100 100 100 100 100 100 100 100 100
[TENSOR] col01: 100 100 100 100 100 100 100 100 100 100 100 100 100 100 100 100 100 100 100 100 100 100 100 100 100 100 100 100 100 100 100 100 100 100 100 100 100 100 100 100
[TENSOR] col02: 100 100 100 100 100 100 100 100 100 100 100 100 100 100 100 100 100 100 100 100 100 100 100 100 100 100 100 100 100 100 100 100 100 100 100 100 100 100 100 100
[TENSOR] col03: 100 100 100 100 100 100 100 100 100 100 100 100 100 100 100 100 100 100 100 100 100 100 100 100 100 100 100 100 100 100 100 100 100 100 100 100 100 100 100 100
[TENSOR] col04: 100 100 100 100 100 100 100 100 100 100 100 100 100 100 100 100 100 100 100 100 100 100 100 100 100 100 100 100 100 100 100 100 100 100 100 100 100 100 100 100
[TENSOR] col05: 100 100 100 100 100 100 100 100 100 100 100 100 100 100 100 100 100 100 100 100 100 100 100 100 100 100 100 100 100 100 100 100 100 100 100 100 100 100 100 100
[TENSOR] col06: 100 100 100 100 100 100 100 100 100 100 100 100 100 100 100 100 100 100 100 100 100 100 100 100 100 100 100 100 100 100 100 100 100 100 100 100 100 100 100 100
[TENSOR] col07: 100 100 100 100 100 100 100 100 100 100 100 100 100 100 100 100 100 100 100 100 100 100 100 100 100 100 100 100 100 100 100 100 100 100 100 100 100 100 100 100
[TENSOR] col08: 100 100 100 100 100 100 100 100 100 100 100 100 100 100 100 100 100 100 100 100 100 100 100 100 100 100 100 100 100 100 100 100 100 100 100 100 100 100 100 100
[TENSOR] col09: 100 100 100 100 100 100 100 100 100 100 100 100 100 100 100 100 100 100 100 100 100 100 100 100 100 100 100 100 100 100 100 100 100 100 100 100 100 100 100 100
[TENSOR] col10: 100 100 100 100 100 100 100 100 100 100 100 100 100 100 100 100 100 100 100 100 100 100 100 100 100 100 100 100 100 100 100 100 100 100 100 100 100 100 100 100
[TENSOR] col11: 100 100 100 100 100 100 100 100 100 100 100 100 100 100 100 100 100 100 100 100 100 100 100 100 100 100 100 100 100 100 100 100 100 100 100 100 100 100 100 100
[TENSOR] col12: 100 100 100 100 100 100 100 100 100 100 100 100 100 100 100 100 100 100 100 100 100 100 100 100 100 100 100 100 100 100 100 100 100 100 100 100 100 100 100 100
[TENSOR] col13: 100 100 100 100 100 100 100 100 100 100 100 100 100 100 100 100 100 100 100 100 100 100 100 100 100 100 100 100 100 100 100 100 100 100 100 100 100 100 100 100
[TENSOR] col14: 100 100 100 100 100 100 100 100 100 100 100 100 100 100 100 100 100 100 100 100 100 100 100 100 100 100 100 100 100 100 100 100 100 100 100 100 100 100 100 100
[TENSOR] col15: 100 100 100 100 100 100 100 100 100 100 100 100 100 100 100 100 100 100 100 100 100 100 100 100 100 100 100 100 100 100 100 100 100 100 100 100 100 100 100 100
[TENSOR] col16: 100 100 100 100 100 100 100 100 100 100 100 100 100 100 100 100 100 100 100 100 100 100 100 100 100 100 100 100 100 100 100 100 100 100 100 100 100 100 100 100
[TENSOR] col17: 100 100 100 100 100 100 100 100 100 100 100 100 100 100 100 100 100 100 100 100 100 100 100 100 100 100 100 100 100 100 100 100 100 100 100 100 100 100 100 100
[TENSOR] col18: 100 100 100 100 100 100 100 100 100 100 100 100 100 100 100 100 100 100 100 100 100 100 100 100 100 100 100 100 100 100 100 100 100 100 100 100 100 100 100 100
[TENSOR] col19: 100 100 100 100 100 100 100 100 100 100 100 100 100 100 100 100 100 100 100 100 100 100 100 100 100 100 100 100 100 100 100 100 100 100 100 100 100 100 100 100
[TENSOR] col20: 100 100 100 100 100 100 100 100 100 100 100 100 100 100 100 100 100 100 100 100 100 100 100 100 100 100 100 100 100 100 100 100 100 100 100 100 100 100 100 100
[TENSOR] col21: 100 100 100 100 100 100 100 100 100 100 100 100 100 100 100 100 100 100 100 100 100 100 100 100 100 100 100 100 100 100 100 100 100 100 100 100 100 100 100 100
[TENSOR] col22: 100 100 100 100 100 100 100 100 100 100 100 100 100 100 100 100 100 100 100 100 100 100 100 100 100 100 100 100 100 100 100 100 100 100 100 100 100 100 100 100
[TENSOR] col23: 100 100 100 100 100 100 100 100 100 100 100 100 100 100 100 100 100 100 100 100 100 100 100 100 100 100 100 100 100 100 100 100 100 100 100 100 100 100 100 100
[TENSOR] col24: 100 100 100 100 100 100 100 100 100 100 100 100 100 100 100 100 100 100 100 100 100 100 100 100 100 100 100 100 100 100 100 100 100 100 100 100 100 100 100 100
[TENSOR] col25: 100 100 100 100 100 100 100 100 100 100 100 100 100 100 100 100 100 100 100 100 100 100 100 100 100 100 100 100 100 100 100 100 100 100 100 100 100 100 100 100
[TENSOR] col26: 100 100 100 100 100 100 100 100 100 100 100 100 100 100 100 100 100 100 100 100 100 100 100 100 100 100 100 100 100 100 100 100 100 100 100 100 100 100 100 100
[TENSOR] col27: 100 100 100 100 100 100 100 100 100 100 100 100 100 100 100 100 100 100 100 100 100 100 100 100 100 100 100 100 100 100 100 100 100 100 100 100 100 100 100 100
[TENSOR] col28: 100 100 100 100 100 100 100 100 100 100 100 100 100 100 100 100 100 100 100 100 100 100 100 100 100 100 100 100 100 100 100 100 100 100 100 100 100 100 100 100
[TENSOR] col29: 100 100 100 100 100 100 100 100 100 100 100 100 100 100 100 100 100 100 100 100 100 100 100 100 100 100 100 100 100 100 100 100 100 100 100 100 100 100 100 100
[TENSOR] col30: 100 100 100 100 100 100 100 100 100 100 100 100 100 100 100 100 100 100 100 100 100 100 100 100 100 100 100 100 100 100 100 100 100 100 100 100 100 100 100 100
[TENSOR] col31: 64 55 53 45 59 57 59 59 48 33 45 50 33 25 20 33 25 33 25 33 33 33 42 48 50 53 57 53 57 53 57 55 55 57 64 64 68 67 79 66
[TENSOR] col32: 85 65 39 30 42 30 -10 -33 1 -10 18 6 -10 -10 11 15 -16 -4 -3 6 15 -16 6 15 22 25 11 22 15 15 28 33 18 22 22 28 33 25 61 40
[TENSOR] col33: 127 127 127 127 127 126 102 88 83 84 80 72 52 54 54 40 35 15 35 53 69 65 37 15 69 69 48 25 18 15 39 11 25 11 45 50 45 40 42 43
[TENSOR] col34: 127 127 127 127 109 108 102 95 79 65 49 66 55 11 28 22 11 -16 37 40 28 15 22 18 45 53 25 -10 1 15 28 -10 25 -10 -3 37 22 25 25 43
[TENSOR] col35: 123 116 127 125 119 127 127 127 108 103 94 78 83 83 75 73 69 75 74 73 74 66 65 76 75 60 59 55 57 56 59 54 53 57 53 45 54 53 56 51
[TENSOR] col36: 111 106 106 118 117 127 127 127 96 88 94 63 58 69 49 38 15 54 63 46 11 15 37 48 49 -4 -16 -26 -16 1 15 -4 11 15 15 18 11 6 1 6
[TENSOR] col37: 110 103 106 109 115 125 127 116 123 91 94 93 75 57 69 71 62 55 60 63 58 56 53 50 54 45 39 38 39 38 39 35 37 30 28 22 33 30 39 37
[TENSOR] col38: 85 79 86 96 91 112 113 118 73 38 60 56 49 46 30 51 40 6 22 11 15 -10 -10 -10 1 -60 -128 -128 -50 -50 -60 -33 -10 -16 -26 -4 -26 -16 -33 -50
[TENSOR] col39: 78 75 74 103 102 114 109 101 99 64 62 55 45 42 45 52 35 42 48 22 35 33 33 28 18 18 22 22 28 15 48 28 58 56 60 70 56 45 50 57
[TENSOR] col40: 84 88 89 107 104 104 92 95 90 30 25 22 -10 6 -3 -16 1 -16 6 15 -10 -50 -16 -26 1 11 1 1 6 15 50 30 53 75 76 80 70 57 50 85
[TENSOR] col41: 58 59 76 95 103 111 105 111 85 25 18 22 22 6 1 28 6 15 22 1 11 11 6 1 -3 1 -3 18 18 1 50 42 64 63 68 76 63 47 50 57
[TENSOR] col42: 92 94 94 103 102 102 96 97 95 65 62 61 45 53 48 42 50 42 53 57 45 25 42 37 50 55 50 50 53 57 75 65 76 87 88 90 85 78 75 92
[TENSOR] col43: 100 100 100 100 100 100 100 100 100 100 100 100 100 100 100 100 100 100 100 100 100 100 100 100 100 100 100 100 100 100 100 100 100 100 100 100 100 100 100 100
[TENSOR] col44: 100 100 100 100 100 100 100 100 100 100 100 100 100 100 100 100 100 100 100 100 100 100 100 100 100 100 100 100 100 100 100 100 100 100 100 100 100 100 100 100
[TENSOR] col45: 100 100 100 100 100 100 100 100 100 100 100 100 100 100 100 100 100 100 100 100 100 100 100 100 100 100 100 100 100 100 100 100 100 100 100 100 100 100 100 100
[TENSOR] col46: 100 100 100 100 100 100 100 100 100 100 100 100 100 100 100 100 100 100 100 100 100 100 100 100 100 100 100 100 100 100 100 100 100 100 100 100 100 100 100 100
[TENSOR] col47: 100 100 100 100 100 100 100 100 100 100 100 100 100 100 100 100 100 100 100 100 100 100 100 100 100 100 100 100 100 100 100 100 100 100 100 100 100 100 100 100
[TENSOR] col48: 100 100 100 100 100 100 100 100 100 100 100 100 100 100 100 100 100 100 100 100 100 100 100 100 100 100 100 100 100 100 100 100 100 100 100 100 100 100 100 100
[TENSOR] end