[TENSOR] shape 49 40
[TENSOR] begin
[TENSOR] col00: 31 25 -10 -4 -16 -50 -33 6 22 -16 -3 -4 6 -50 -60 -50 -33 -50 -60 -128 -60 -33 -50 -50 -33 -50 -60 -33 -50 -50 -50 -33 -50 -26 -33 -33 -26 -16 42 1
[TENSOR] col01: 31 25 -10 -4 -16 -50 -33 6 22 -16 -3 -4 6 -50 -60 -50 -33 -50 -60 -128 -60 -33 -50 -50 -33 -50 -60 -33 -50 -50 -50 -33 -50 -26 -33 -33 -26 -16 42 1
[TENSOR] col02: 31 25 -10 -4 -16 -50 -33 6 22 -16 -3 -4 6 -50 -60 -50 -33 -50 -60 -128 -60 -33 -50 -50 -33 -50 -60 -33 -50 -50 -50 -33 -50 -26 -33 -33 -26 -16 42 1
[TENSOR] col03: 31 25 -10 -4 -16 -50 -33 6 22 -16 -3 -4 6 -50 -60 -50 -33 -50 -60 -128 -60 -33 -50 -50 -33 -50 -60 -33 -50 -50 -50 -33 -50 -26 -33 -33 -26 -16 42 1
[TENSOR] col04: 31 25 -10 -4 -16 -50 -33 6 22 -16 -3 -4 6 -50 -60 -50 -33 -50 -60 -128 -60 -33 -50 -50 -33 -50 -60 -33 -50 -50 -50 -33 -50 -26 -33 -33 -26 -16 42 1
[TENSOR] col05: 31 25 -10 -4 -16 -50 -33 6 22 -16 -3 -4 6 -50 -60 -50 -33 -50 -60 -128 -60 -33 -50 -50 -33 -50 -60 -33 -50 -50 -50 -33 -50 -26 -33 -33 -26 -16 42 1
[TENSOR] col06: 31 25 -10 -4 -16 -50 -33 6 22 -16 -3 -4 6 -50 -60 -50 -33 -50 -60 -128 -60 -33 -50 -50 -33 -50 -60 -33 -50 -50 -50 -33 -50 -26 -33 -33 -26 -16 42 1
[TENSOR] col07: 31 25 -10 -4 -16 -50 -33 6 22 -16 -3 -4 6 -50 -60 -50 -33 -50 -60 -128 -60 -33 -50 -50 -33 -50 -60 -33 -50 -50 -50 -33 -50 -26 -33 -33 -26 -16 42 1
[TENSOR] col08: 31 25 -10 -4 -16 -50 -33 6 22 -16 -3 -4 6 -50 -60 -50 -33 -50 -60 -128 -60 -33 -50 -50 -33 -50 -60 -33 -50 -50 -50 -33 -50 -26 -33 -33 -26 -16 42 1
[TENSOR] col09: 31 25 -10 -4 -16 -50 -33 6 22 -16 -3 -4 6 -50 -60 -50 -33 -50 -60 -128 -60 -33 -50 -50 -33 -50 -60 -33 -50 -50 -50 -33 -50 -26 -33 -33 -26 -16 42 1
[TENSOR] col10: 31 25 -10 -4 -16 -50 -33 6 22 -16 -3 -4 6 -50 -60 -50 -33 -50 -60 -128 -60 -33 -50 -50 -33 -50 -60 -33 -50 -50 -50 -33 -50 -26 -33 -33 -26 -16 42 1
[TENSOR] col11: 31 25 -10 -4 -16 -50 -33 6 22 -16 -3 -4 6 -50 -60 -50 -33 -50 -60 -128 -60 -33 -50 -50 -33 -50 -60 -33 -50 -50 -50 -33 -50 -26 -33 -33 -26 -16 42 1
[TENSOR] col12: 31 25 -10 -4 -16 -50 -33 6 22 -16 -3 -4 6 -50 -60 -50 -33 -50 -60 -128 -60 -33 -50 -50 -33 -50 -60 -33 -50 -50 -50 -33 -50 -26 -33 -33 -26 -16 42 1
[TENSOR] col13: 31 25 -10 -4 -16 -50 -33 6 22 -16 -3 -4 6 -50 -60 -50 -33 -50 -60 -128 -60 -33 -50 -50 -33 -50 -60 -33 -50 -50 -50 -33 -50 -26 -33 -33 -26 -16 42 1
[TENSOR] col14: 31 25 -10 -4 -16 -50 -33 6 22 -16 -3 -4 6 -50 -60 -50 -33 -50 -60 -128 -60 -33 -50 -50 -33 -50 -60 -33 -50 -50 -50 -33 -50 -26 -33 -33 -26 -16 42 1
[TENSOR] col15: 31 25 -10 -4 -16 -50 -33 6 22 -16 -3 -4 6 -50 -60 -50 -33 -50 -60 -128 -60 -33 -50 -50 -33 -50 -60 -33 -50 -50 -50 -33 -50 -26 -33 -33 -26 -16 42 1
[TENSOR] col16: 31 25 -10 -4 -16 -50 -33 6 22 -16 -3 -4 6 -50 -60 -50 -33 -50 -60 -128 -60 -33 -50 -50 -33 -50 -60 -33 -50 -50 -50 -33 -50 -26 -33 -33 -26 -16 42 1
[TENSOR] col17: 31 25 -10 -4 -16 -50 -33 6 22 -16 -3 -4 6 -50 -60 -50 -33 -50 -60 -128 -60 -33 -50 -50 -33 -50 -60 -33 -50 -50 -50 -33 -50 -26 -33 -33 -26 -16 42 1
[TENSOR] col18: 31 25 -10 -4 -16 -50 -33 6 22 -16 -3 -4 6 -50 -60 -50 -33 -50 -60 -128 -60 -33 -50 -50 -33 -50 -60 -33 -50 -50 -50 -33 -50 -26 -33 -33 -26 -16 42 1
[TENSOR] col19: 31 25 -10 -4 -16 -50 -33 6 22 -16 -3 -4 6 -50 -60 -50 -33 -50 -60 -128 -60 -33 -50 -50 -33 -50 -60 -33 -50 -50 -50 -33 -50 -26 -33 -33 -26 -16 42 1
[TENSOR] col20: 31 25 -10 -4 -16 -50 -33 6 22 -16 -3 -4 6 -50 -60 -50 -33 -50 -60 -128 -60 -33 -50 -50 -33 -50 -60 -33 -50 -50 -50 -33 -50 -26 -33 -33 -26 -16 42 1
[TENSOR] col21: 31 25 -10 -4 -16 -50 -33 6 22 -16 -3 -4 6 -50 -60 -50 -33 -50 -60 -128 -60 -33 -50 -50 -33 -50 -60 -33 -50 -50 -50 -33 -50 -26 -33 -33 -26 -16 42 1
[TENSOR] col22: 31 25 -10 -4 -16 -50 -33 6 22 -16 -3 -4 6 -50 -60 -50 -33 -50 -60 -128 -60 -33 -50 -50 -33 -50 -60 -33 -50 -50 -50 -33 -50 -26 -33 -33 -26 -16 42 1
[TENSOR] col23: 31 25 -10 -4 -16 -50 -33 6 22 -16 -3 -4 6 -50 -60 -50 -33 -50 -60 -128 -60 -33 -50 -50 -33 -50 -60 -33 -50 -50 -50 -33 -50 -26 -33 -33 -26 -16 42 1
[TENSOR] col24: 31 25 -10 -4 -16 -50 -33 6 22 -16 -3 -4 6 -50 -60 -50 -33 -50 -60 -128 -60 -33 -50 -50 -33 -50 -60 -33 -50 -50 -50 -33 -50 -26 -33 -33 -26 -16 42 1
[TENSOR] col25: 31 25 -10 -4 -16 -50 -33 6 22 -16 -3 -4 6 -50 -60 -50 -33 -50 -60 -128 -60 -33 -50 -50 -33 -50 -60 -33 -50 -50 -50 -33 -50 -26 -33 -33 -26 -16 42 1
[TENSOR] col26: 31 25 -10 -4 -16 -50 -33 6 22 -16 -3 -4 6 -50 -60 -50 -33 -50 -60 -128 -60 -33 -50 -50 -33 -50 -60 -33 -50 -50 -50 -33 -50 -26 -33 -33 -26 -16 42 1
[TENSOR] col27: 31 25 -10 -4 -16 -50 -33 6 22 -16 -3 -4 6 -50 -60 -50 -33 -50 -60 -128 -60 -33 -50 -50 -33 -50 -60 -33 -50 -50 -50 -33 -50 -26 -33 -33 -26 -16 42 1
[TENSOR] col28: 31 25 -10 -4 -16 -50 -33 6 22 -16 -3 -4 6 -50 -60 -50 -33 -50 -60 -128 -60 -33 -50 -50 -33 -50 -60 -33 -50 -50 -50 -33 -50 -26 -33 -33 -26 -16 42 1
[TENSOR] col29: 31 25 -10 -4 -16 -50 -33 6 22 -16 -3 -4 6 -50 -60 -50 -33 -50 -60 -128 -60 -33 -50 -50 -33 -50 -60 -33 -50 -50 -50 -33 -50 -26 -33 -33 -26 -16 42 1
[TENSOR] col30: 31 25 -10 -4 -16 -50 -33 6 22 -16 -3 -4 6 -50 -60 -50 -33 -50 -60 -128 -60 -33 -50 -50 -33 -50 -60 -33 -50 -50 -50 -33 -50 -26 -33 -33 -26 -16 42 1
[TENSOR] col31: 31 25 -10 -4 -16 -50 -33 6 22 -16 -3 -4 6 -50 -60 -50 -33 -50 -60 -128 -60 -33 -50 -50 -33 -50 -60 -33 -50 -50 -50 -33 -50 -26 -33 -33 -26 -16 42 1
[TENSOR] col32: 31 25 -10 -4 -16 -50 -33 6 22 -16 -3 -4 6 -50 -60 -50 -33 -50 -60 -128 -60 -33 -50 -50 -33 -50 -60 -33 -50 -50 -50 -33 -50 -26 -33 -33 -26 -16 42 1
[TENSOR] col33: 65 59 43 53 47 30 38 43 55 33 38 36 38 7 4 11 17 9 8 -28 3 13 4 8 23 5 -1 22 11 9 4 11 0 16 13 11 13 17 49 26
[TENSOR] col34: 99 92 109 110 110 109 110 89 90 67 63 32 24 0 -8 9 36 45 62 51 38 28 60 51 71 40 38 79 79 78 24 9 -22 32 38 49 38 32 45 58
[TENSOR] col35: 96 86 79 110 110 110 110 108 107 69 66 74 68 54 57 57 74 73 67 39 47 24 38 36 47 38 46 63 67 63 0 9 21 32 38 45 48 34 46 44
[TENSOR] col36: 95 91 94 110 110 110 110 104 110 65 69 73 50 -28 25 63 75 74 90 51 21 46 38 49 56 28 38 54 64 66 28 0 15 51 54 54 47 25 40 41
[TENSOR] col37: 107 105 103 91 96 110 110 110 88 87 76 73 69 64 64 81 76 76 75 46 56 48 56 60 61 45 52 69 72 63 52 51 46 51 45 49 49 45 48 45
[TENSOR] col38: 97 95 100 108 102 110 110 110 84 51 50 46 30 15 12 27 59 63 50 44 19 21 28 46 54 5 28 44 56 34 0 9 19 32 19 32 30 12 24 21
[TENSOR] col39: 90 92 85 81 76 89 94 91 82 42 45 38 42 37 48 37 58 60 25 15 -10 18 6 11 39 30 22 6 54 65 61 70 75 76 78 81 69 63 63 68
[TENSOR] col40: 74 80 82 87 61 98 99 87 64 -26 -50 -50 -26 -60 -33 -4 15 35 18 18 -3 -10 -26 1 18 18 25 50 78 78 70 86 88 88 89 90 89 83 81 75
[TENSOR] col41: 93 80 72 64 69 63 75 71 70 22 33 18 -3 -26 -16 28 51 52 39 1 -33 11 1 15 31 18 37 35 51 67 71 78 80 83 83 83 75 67 66 71
[TENSOR] col42: 52 52 36 41 22 24 33 46 43 -21 -26 -27 -10 -55 -46 -27 -9 -7 -21 -55 -31 -21 -38 -24 -7 -16 -17 8 14 14 10 26 19 31 28 28 31 33 61 38
[TENSOR] col43: 31 25 -10 -4 -16 -50 -33 6 22 -16 -3 -4 6 -50 -60 -50 -33 -50 -60 -128 -60 -33 -50 -50 -33 -50 -60 -33 -50 -50 -50 -33 -50 -26 -33 -33 -26 -16 42 1
[TENSOR] col44: 31 25 -10 -4 -16 -50 -33 6 22 -16 -3 -4 6 -50 -60 -50 -33 -50 -60 -128 -60 -33 -50 -50 -33 -50 -60 -33 -50 -50 -50 -33 -50 -26 -33 -33 -26 -16 42 1
[TENSOR] col45: 31 25 -10 -4 -16 -50 -33 6 22 -16 -3 -4 6 -50 -60 -50 -33 -50 -60 -128 -60 -33 -50 -50 -33 -50 -60 -33 -50 -50 -50 -33 -50 -26 -33 -33 -26 -16 42 1
[TENSOR] col46: 31 25 -10 -4 -16 -50 -33 6 22 -16 -3 -4 6 -50 -60 -50 -33 -50 -60 -128 -60 -33 -50 -50 -33 -50 -60 -33 -50 -50 -50 -33 -50 -26 -33 -33 -26 -16 42 1
[TENSOR] col47: 31 25 -10 -4 -16 -50 -33 6 22 -16 -3 -4 6 -50 -60 -50 -33 -50 -60 -128 -60 -33 -50 -50 -33 -50 -60 -33 -50 -50 -50 -33 -50 -26 -33 -33 -26 -16 42 1
[TENSOR] col48: 31 25 -10 -4 -16 -50 -33 6 22 -16 -3 -4 6 -50 -60 -50 -33 -50 -60 -128 -60 -33 -50 -50 -33 -50 -60 -33 -50 -50 -50 -33 -50 -26 -33 -33 -26 -16 42 1
[TENSOR] end